8.23352e-07 2.48303e-07 1.47876e-07 5.18821e-08 1.56939e-08 
8.83198e-07 2.65255e-07 1.57566e-07 5.64796e-08 1.8146e-08 
9.60796e-07 2.88134e-07 1.73625e-07 5.97496e-08 2.04981e-08 
1.00034e-06 3.02732e-07 1.88115e-07 6.42835e-08 2.33646e-08 
1.01259e-06 3.1656e-07 1.93269e-07 6.94965e-08 2.40159e-08 
1.09469e-06 3.47408e-07 2.17546e-07 7.93451e-08 2.71236e-08 
1.12831e-06 3.76146e-07 2.34741e-07 8.64367e-08 2.95056e-08 
1.16705e-06 3.72945e-07 2.45108e-07 8.71642e-08 3.11163e-08 
1.12828e-06 3.51941e-07 2.20517e-07 8.05103e-08 2.74303e-08 
1.31565e-06 4.52362e-07 2.90635e-07 1.10187e-07 4.11245e-08 
1.4436e-06 5.00245e-07 3.27992e-07 1.24057e-07 4.79967e-08 
1.54721e-06 5.55918e-07 3.6434e-07 1.4163e-07 5.55401e-08 
1.56748e-06 5.43715e-07 3.64728e-07 1.4714e-07 5.83512e-08 
1.60742e-06 5.96503e-07 3.90947e-07 1.59331e-07 6.48468e-08 
1.65504e-06 6.19535e-07 4.05187e-07 1.69036e-07 6.54477e-08 
1.6348e-06 5.997e-07 3.94562e-07 1.6146e-07 6.30511e-08 
1.73141e-06 6.45494e-07 4.40355e-07 1.76268e-07 7.11823e-08 
1.82712e-06 6.73826e-07 4.46773e-07 1.9014e-07 7.81078e-08 
1.8429e-06 7.16187e-07 4.7557e-07 2.0656e-07 8.41231e-08 
1.82309e-06 6.70858e-07 4.51287e-07 1.97363e-07 7.91921e-08 
1.85172e-06 7.40831e-07 4.86236e-07 2.10684e-07 8.58243e-08 
1.84537e-06 7.03302e-07 4.78923e-07 2.05672e-07 8.59795e-08 
1.70053e-06 6.47052e-07 4.1752e-07 1.77433e-07 7.17433e-08 
1.70575e-06 6.39177e-07 4.21404e-07 1.83059e-07 7.30827e-08 
1.09456e-06 3.75419e-07 2.26713e-07 8.51338e-08 3.1547e-08 
4.44829e-07 1.14972e-07 6.94742e-08 1.80224e-08 5.08369e-09 
1.52525e-06 5.8283e-07 3.77237e-07 1.57849e-07 6.15427e-08 
