1.90492e-06 7.56094e-07 5.22584e-07 2.28273e-07 9.68667e-08 
1.96531e-06 7.914e-07 5.31829e-07 2.35854e-07 1.02115e-07 
2.03352e-06 8.19139e-07 5.56293e-07 2.47896e-07 1.06723e-07 
2.05416e-06 8.446e-07 5.83173e-07 2.67579e-07 1.13889e-07 
2.09204e-06 8.64353e-07 6.04728e-07 2.67037e-07 1.19414e-07 
2.15536e-06 8.90689e-07 6.33806e-07 2.89058e-07 1.30224e-07 
2.18606e-06 9.08692e-07 6.43249e-07 3.08273e-07 1.40996e-07 
2.16645e-06 9.37883e-07 6.49989e-07 3.13282e-07 1.42716e-07 
2.04398e-06 8.60297e-07 6.04987e-07 2.84042e-07 1.2273e-07 
2.28392e-06 1.00217e-06 7.27034e-07 3.465e-07 1.68183e-07 
2.37215e-06 1.08533e-06 7.71006e-07 3.77543e-07 1.85167e-07 
2.41674e-06 1.12492e-06 8.10255e-07 4.03065e-07 1.91077e-07 
2.42728e-06 1.12579e-06 8.16646e-07 4.11215e-07 2.02293e-07 
2.49299e-06 1.15469e-06 8.49171e-07 4.34512e-07 2.07372e-07 
2.43164e-06 1.15046e-06 8.4542e-07 4.32653e-07 2.07328e-07 
2.38738e-06 1.11575e-06 8.04202e-07 4.16087e-07 2.08089e-07 
2.44231e-06 1.19703e-06 8.66826e-07 4.43906e-07 2.27826e-07 
2.52936e-06 1.23784e-06 9.11566e-07 4.64347e-07 2.47295e-07 
2.49073e-06 1.21627e-06 9.0165e-07 4.72367e-07 2.40466e-07 
2.46456e-06 1.19222e-06 8.73075e-07 4.54546e-07 2.44362e-07 
2.42452e-06 1.19384e-06 8.99701e-07 4.64666e-07 2.43141e-07 
2.38679e-06 1.18163e-06 8.76037e-07 4.46e-07 2.34534e-07 
2.18823e-06 1.05338e-06 7.61401e-07 4.0858e-07 2.02171e-07 
2.15972e-06 1.03136e-06 7.78958e-07 3.95783e-07 2.03096e-07 
1.42648e-06 6.15576e-07 4.35881e-07 2.06438e-07 9.25198e-08 
5.97231e-07 2.25677e-07 1.47478e-07 5.90435e-08 2.28596e-08 
1.85136e-06 8.87609e-07 6.48919e-07 3.29994e-07 1.67641e-07 
