2.31796e-06 1.15885e-06 8.55534e-07 4.67182e-07 2.34917e-07 
2.34941e-06 1.17621e-06 8.75952e-07 4.71733e-07 2.48944e-07 
2.31677e-06 1.18787e-06 8.90726e-07 4.89125e-07 2.56673e-07 
2.34448e-06 1.19562e-06 9.16753e-07 4.98015e-07 2.62871e-07 
2.32664e-06 1.1839e-06 8.92769e-07 4.94632e-07 2.63824e-07 
2.28831e-06 1.19926e-06 9.08169e-07 5.06956e-07 2.71988e-07 
2.29811e-06 1.20111e-06 9.33612e-07 5.23116e-07 2.86933e-07 
2.22863e-06 1.18081e-06 9.04072e-07 5.18202e-07 2.83551e-07 
2.03693e-06 1.06195e-06 8.33926e-07 4.64652e-07 2.4937e-07 
2.22333e-06 1.22015e-06 9.44335e-07 5.46609e-07 3.06947e-07 
2.2502e-06 1.23661e-06 9.64084e-07 5.78249e-07 3.26155e-07 
2.26555e-06 1.25336e-06 9.8961e-07 5.84376e-07 3.36611e-07 
2.23973e-06 1.23792e-06 9.72206e-07 5.89284e-07 3.4371e-07 
2.21416e-06 1.24696e-06 9.85173e-07 5.90037e-07 3.57724e-07 
2.15165e-06 1.224e-06 9.75299e-07 5.82734e-07 3.44509e-07 
2.08917e-06 1.17224e-06 9.39902e-07 5.63663e-07 3.36807e-07 
2.10066e-06 1.19738e-06 9.61714e-07 5.93e-07 3.52035e-07 
2.1399e-06 1.22729e-06 9.76615e-07 5.97793e-07 3.67367e-07 
2.06756e-06 1.19321e-06 9.45284e-07 5.89939e-07 3.53651e-07 
1.96581e-06 1.13418e-06 8.97495e-07 5.60271e-07 3.41622e-07 
1.94475e-06 1.12602e-06 9.02215e-07 5.74553e-07 3.43562e-07 
1.83921e-06 1.08289e-06 8.60327e-07 5.46634e-07 3.28102e-07 
1.6806e-06 9.50383e-07 7.62344e-07 4.68504e-07 2.89057e-07 
1.62364e-06 9.26554e-07 7.47698e-07 4.66539e-07 2.779e-07 
1.0334e-06 5.48521e-07 4.28478e-07 2.51923e-07 1.37194e-07 
4.11295e-07 1.93326e-07 1.40588e-07 6.97959e-08 3.30911e-08 
1.33787e-06 7.65334e-07 5.94991e-07 3.60947e-07 2.15331e-07 
