3.0486e-06 1.60777e-06 1.23209e-06 6.87381e-07 3.86464e-07 
3.11149e-06 1.62557e-06 1.24136e-06 7.17138e-07 3.99242e-07 
3.06876e-06 1.66028e-06 1.26187e-06 7.29822e-07 4.1098e-07 
3.122e-06 1.67061e-06 1.2742e-06 7.41247e-07 4.19182e-07 
3.03781e-06 1.63751e-06 1.27141e-06 7.26294e-07 4.20865e-07 
3.02676e-06 1.63502e-06 1.29482e-06 7.39443e-07 4.35295e-07 
3.02429e-06 1.65962e-06 1.29255e-06 7.6393e-07 4.44756e-07 
2.89363e-06 1.60108e-06 1.26782e-06 7.36528e-07 4.33053e-07 
2.63311e-06 1.43101e-06 1.09868e-06 6.57588e-07 3.76839e-07 
2.90963e-06 1.6237e-06 1.29237e-06 7.88943e-07 4.79554e-07 
2.96074e-06 1.701e-06 1.36632e-06 8.36181e-07 5.00357e-07 
2.90204e-06 1.70083e-06 1.36106e-06 8.41961e-07 5.02852e-07 
2.90657e-06 1.71889e-06 1.35463e-06 8.37778e-07 5.26027e-07 
2.91163e-06 1.70297e-06 1.35056e-06 8.60167e-07 5.24494e-07 
2.85348e-06 1.67795e-06 1.35325e-06 8.47854e-07 5.28838e-07 
2.72271e-06 1.55999e-06 1.28036e-06 7.87058e-07 4.96064e-07 
2.79559e-06 1.64018e-06 1.33996e-06 8.52339e-07 5.24519e-07 
2.80734e-06 1.68287e-06 1.34847e-06 8.55835e-07 5.38659e-07 
2.70417e-06 1.59602e-06 1.31328e-06 8.45308e-07 5.34079e-07 
2.55245e-06 1.55652e-06 1.25989e-06 7.96405e-07 4.97583e-07 
2.53781e-06 1.52731e-06 1.24129e-06 7.87133e-07 5.05916e-07 
2.43351e-06 1.46491e-06 1.20258e-06 7.542e-07 4.71006e-07 
2.16605e-06 1.30051e-06 1.0214e-06 6.48249e-07 4.10933e-07 
2.10606e-06 1.25252e-06 1.00805e-06 6.36805e-07 3.98468e-07 
1.30278e-06 7.11025e-07 5.62459e-07 3.27972e-07 1.86727e-07 
5.11871e-07 2.43329e-07 1.73317e-07 8.88694e-08 4.35606e-08 
1.62639e-06 9.4706e-07 7.59869e-07 4.76294e-07 2.94453e-07 
